433
6906
3157
4930
9845
8723
9950
6280
6989
2772
4331
1450
1649
8982
7185
8490
68
9304
5271
593
2972
6
2155
8414
1709
9618
6528
4641
8985
6182
1301
751
4041
6283
3228
4203
8345
102
500
9695
3650
7951
4497
3844
5595
6709
1153
5944
7666
442
1539
650
7620
8011
1061
7643
9664
8533
3680
7277
9071
9426
4179
2675
8683
8303
8936
9766
7063
5438
4211
1614
507
9331
3331
507
6751
5486
6683
1511
1038
8513
7139
5938
1907
3698
5249
8918
8825
7481
1334
5902
9476
1769
2302
8363
4777
5861
2005
3835
5288
9339
1118
3714
46
4706
8218
6109
6224
2304
7594
2118
3048
7238
3583
6712
1459
3678
5467
7846
3540
6708
5043
2094
1589
2783
5787
1732
993
1131
659
2043
5095
1926
494
1055
2635
7313
8752
7271
1382
8278
2768
8211
4284
3639
8307
2893
6908
6554
9080
9632
6609
4740
1162
7362
1735
2541
2981
2171
2424
3869
5860
9152
8696
6425
4552
8811
9348
3212
6015
6236
3734
1603
2491
8068
1838
2928
6431
6565
4991
8334
7456
4183
302
6699
131
9651
8649
1574
220
2347
9978
8393
1092
2759
2250
2269
1741
2911
1139
4177
7073
4444
873
2200
2115
8062
2735
9986
357
5875
3911
4631
2213
1422
6269
1726
4505
4578
8225
7762
3987
1586
5578
1478
8033
6851
6417
48
5824
2918
735
1941
6778
4510
9554
8299
9345
3732
5726
5216
4895
7846
1863
9506
4218
2158
5979
9786
1032
2791
9592
3848
9907
8688
7820
8025
5084
8130
8153
1723
8631
2103
4643
4086
3680
6627
715
4039
1110
702
3567
41
9552
2000
5090
3913
7242
6058
8489
8805
5910
7390
5273
3221
7208
6504
3459
2633
8899
2957
3202
8007
9765
7774
1901
8835
6843
986
6456
6090
6408
6798
368
4695
17
5984
1994
6875
4071
7482
9725
6053
6856
7806
9283
4690
505
9119
6174
8940
3852
638
4911
2030
9152
9512
3658
7479
7607
5471
5554
1923
1041
3052
6933
3104
2020
3092
8003
1810
8633
2957
2400
5540
5496
4811
8721
605
2798
8277
3810
301
5923
7368
9534
4846
9671
7555
6155
769
1934
2589
6605
7037
7743
789
1289
6560
2328
8531
7795
4341
8643
8237
6483
3776
3857
6624
8396
3805
1518
8314
8155
7356
660
5285
7147
3217
7546
203
731
3081
1866
6167
3320
9844
9442
4334
809
3706
1280
2577
4892
8671
7766
3099
6836
3224
803
5560
3543
7448
3000
8760
2328
553
4537
660
358
4668
8636
7339
6295
5107
642
9915
3960
5600
7756
7562
5045
7524